var planev = new Float32Array([
-6.95104, -0.246236, -6.95104, 
6.95104, -0.246236, -6.95104, 
6.95104, -0.246236, 6.95104, 
6.95104, -0.246236, 6.95104, 
6.95104, 0.246236, 6.95104, 
-6.95104, 0.246236, 6.95104, 
-6.95104, -0.246236, 6.95104, 
-6.95104, 0.246236, 6.95104, 
-6.95104, 0.246236, -6.95104, 
6.95104, 0.246236, -6.95104, 
-6.95104, 0.246236, -6.95104, 
-6.95104, 0.246236, 6.95104, 
6.95104, -0.246236, -6.95104, 
6.95104, 0.246236, -6.95104, 
6.95104, 0.246236, 6.95104, 
-6.95104, -0.246236, -6.95104, 
-6.95104, 0.246236, -6.95104, 
6.95104, 0.246236, -6.95104, 
-6.95104, -0.246236, -6.95104, 
6.95104, -0.246236, 6.95104, 
-6.95104, -0.246236, 6.95104, 
6.95104, -0.246236, 6.95104, 
-6.95104, 0.246236, 6.95104, 
-6.95104, -0.246236, 6.95104, 
-6.95104, -0.246236, 6.95104, 
-6.95104, 0.246236, -6.95104, 
-6.95104, -0.246236, -6.95104, 
6.95104, 0.246236, -6.95104, 
-6.95104, 0.246236, 6.95104, 
6.95104, 0.246236, 6.95104, 
6.95104, -0.246236, -6.95104, 
6.95104, 0.246236, 6.95104, 
6.95104, -0.246236, 6.95104, 
-6.95104, -0.246236, -6.95104, 
6.95104, 0.246236, -6.95104, 
6.95104, -0.246236, -6.95104, 
]);
var planen = new Float32Array([
0, -1, 0, 
0, -1, 0, 
0, -1, 0, 
0, 0, 1, 
0, 0, 1, 
0, 0, 1, 
-1, 0, 0, 
-1, 0, 0, 
-1, 0, 0, 
0, 1, 0, 
0, 1, 0, 
0, 1, 0, 
1, 0, 0, 
1, 0, 0, 
1, 0, 0, 
0, 0, -1, 
0, 0, -1, 
0, 0, -1, 
0, -1, 0, 
0, -1, 0, 
0, -1, 0, 
0, 0, 1, 
0, 0, 1, 
0, 0, 1, 
-1, 0, 0, 
-1, 0, 0, 
-1, 0, 0, 
0, 1, 0, 
0, 1, 0, 
0, 1, 0, 
1, 0, 0, 
1, 0, 0, 
1, 0, 0, 
0, 0, -1, 
0, 0, -1, 
0, 0, -1, 
]);
var planeu = new Float32Array([
0.875, 0.5, 
0.625, 0.5, 
0.625, 0.75, 
0.625, 0.75, 
0.375, 0.75, 
0.375, 1, 
0.625, 0, 
0.375, 0, 
0.375, 0.25, 
1.01054, -0.002223, 
-0.008276, -0.002223, 
-0.008276, 1.01659, 
0.625, 0.5, 
0.375, 0.5, 
0.375, 0.75, 
0.625, 0.25, 
0.375, 0.25, 
0.375, 0.5, 
0.875, 0.5, 
0.625, 0.75, 
0.875, 0.75, 
0.625, 0.75, 
0.375, 1, 
0.625, 1, 
0.625, 0, 
0.375, 0.25, 
0.625, 0.25, 
1.01054, -0.002223, 
-0.008276, 1.01659, 
1.01054, 1.01659, 
0.625, 0.5, 
0.375, 0.75, 
0.625, 0.75, 
0.625, 0.25, 
0.375, 0.5, 
0.625, 0.5, 
]);
